[gd_scene format=3 uid="uid://bsm3gsqqqrvwe"]

[node name="shotgun_spread" type="Node3D"]

[node name="s" type="Node3D" parent="."]
transform = Transform3D(-0.984808, 0, 0.173648, 0, 1, 0, -0.173648, 0, -0.984808, 0, 1, -11.8641)

[node name="d" type="Node3D" parent="."]
transform = Transform3D(-0.984808, 0, -0.173648, 0, 1, 0, 0.173648, 0, -0.984808, 0, 1, -11.8641)

[node name="a" type="Node3D" parent="."]
transform = Transform3D(-1, -1.51808e-08, -8.60946e-08, 0, 0.984808, -0.173648, 8.74228e-08, -0.173648, -0.984808, 0, 1, -11.8641)

[node name="w" type="Node3D" parent="."]
transform = Transform3D(-1, 1.51808e-08, -8.60946e-08, 0, 0.984808, 0.173648, 8.74228e-08, 0.173648, -0.984808, 0, 1, -11.8641)

[node name="s2" type="Node3D" parent="."]
transform = Transform3D(-0.992546, 0.0148521, 0.120961, 0, 0.992546, -0.121869, -0.121869, -0.120961, -0.985148, 0, 1, -11.8641)

[node name="d2" type="Node3D" parent="."]
transform = Transform3D(-0.992546, -0.0148521, 0.120961, 0, 0.992546, 0.121869, -0.121869, 0.120961, -0.985147, 0, 1, -11.8641)

[node name="a2" type="Node3D" parent="."]
transform = Transform3D(-0.992546, -0.0148521, -0.120961, 0, 0.992546, -0.121869, 0.121869, -0.120961, -0.985147, 0, 1, -11.8641)

[node name="w2" type="Node3D" parent="."]
transform = Transform3D(-0.992546, 0.0148521, -0.120961, 0, 0.992546, 0.121869, 0.121869, 0.120961, -0.985147, 0, 1, -11.8641)
